P|2|9.7327,37.2502;9.7781,37.2708;9.8441,37.2873;9.8647,37.2791
P|2|9.2708,37.0770;9.2790,37.1017;9.2708,37.1265;9.2914,37.1347;9.3698,37.1512;9.4316,37.1924;9.4605,37.2048;9.4935,37.2007;9.5348,37.2213;9.5513,37.2254;9.5801,37.2131;9.6131,37.2131;9.6296,37.2172;9.6997,37.2172;9.7327,37.2502
P|2|9.7327,37.2502;9.7369,37.2213;9.7822,37.1801;9.7822,37.1594;9.6874,37.0398
P|2|9.2708,37.0770;9.2914,37.0605;9.3162,37.0522;9.3574,37.0481;9.4523,37.0687;9.4770,37.0605;9.4894,37.0646;9.5183,37.0935;9.5306,37.1017;9.5554,37.1058;9.5801,37.0976;9.6214,37.0770;9.6585,37.0522;9.6874,37.0398
P|2,3|9.0769,36.9739;9.1017,37.0027;9.1017,37.0440;9.1223,37.0646;9.1636,37.0605;9.1966,37.0852;9.2708,37.0770
P|3,7|8.7594,36.9409;8.7882,36.9285;8.8130,36.9285;8.8790,36.9367;8.9367,36.9697;8.9738,36.9739;9.0357,36.9615;9.0769,36.9739
P|0,2|9.8647,37.2791;9.8688,37.2626;9.9018,37.2461;9.9225,37.2296;9.9472,37.1883;9.9884,37.1430;9.9884,37.1141;9.9967,37.0935;10.0297,37.0440;10.0421,37.0357;10.0503,37.0110;10.1081,36.9244;10.1163,36.8914
P|7|8.5738,36.8872;8.6728,36.9244;8.7099,36.9615;8.7387,36.9532;8.7594,36.9409
P|2,12|9.6874,37.0398;9.7451,37.0357;9.7905,37.0522;9.8152,37.0481;9.8895,37.0151;9.8977,36.9945;9.9018,36.9367;9.9225,36.8914;9.9142,36.8625
P|12,22|9.9142,36.8625;9.9225,36.8377;9.9431,36.8254;9.9967,36.8212;10.0214,36.8130;10.0462,36.8130;10.1204,36.8295
P|7|8.5738,36.8872;8.5820,36.8542;8.5944,36.8336;8.6439,36.8047;8.6728,36.8006
P|22|10.1204,36.8295;10.1452,36.8295;10.1575,36.8254;10.1782,36.7965
P|22|10.1782,36.7965;10.1947,36.7800
M|1,22|10.1947,36.7800;10.2194,36.7635;10.2400,36.7429
P|2,3|9.6874,37.0398;9.6750,37.0275;9.6502,37.0110;9.6214,36.9780;9.5843,36.9491;9.5224,36.9326;9.4976,36.9202;9.4481,36.8666;9.4193,36.8501;9.4069,36.8501;9.3987,36.8377;9.3904,36.8089;9.3739,36.7965;9.3450,36.7841;9.2419,36.7553;9.2213,36.7346
P|3|9.0769,36.9739;9.0976,36.9202;9.1099,36.9120;9.1512,36.9120;9.1801,36.8996;9.2131,36.8666;9.2089,36.8542;9.1842,36.8336;9.1718,36.8089;9.1718,36.7800;9.1759,36.7594;9.1842,36.7470;9.2089,36.7346
P|1,15|10.4586,36.6769;10.4421,36.7058;10.4298,36.7140;10.4009,36.7223;10.3720,36.7223;10.2978,36.7470;10.2524,36.7470;10.2400,36.7429
M|3|9.5801,36.6686;9.5430,36.6769;9.4688,36.6728;9.4152,36.6893;9.3780,36.6851;9.3450,36.7058;9.3038,36.7099;9.2584,36.7264;9.2213,36.7346
M|3,12,22|10.1782,36.7965;10.1163,36.8006;10.0544,36.7676;9.9843,36.7470;9.9348,36.7264;9.8400,36.6975;9.8070,36.6769;9.7616,36.6398;9.7327,36.6233;9.7121,36.6274;9.6874,36.6439;9.6626,36.6480;9.6172,36.6439;9.6049,36.6521
M|3,7|9.2089,36.7346;9.1759,36.7099;9.1471,36.6521;9.1264,36.6356;9.0151,36.6233;8.9780,36.6109;8.9656,36.5779;8.9532,36.5697;8.9285,36.5614;8.8171,36.5078;8.7841,36.4995;8.7759,36.4913
P|7|8.6728,36.8006;8.6851,36.7883;8.6934,36.7635;8.6893,36.7305;8.6728,36.7058;8.6934,36.6645;8.6893,36.6398;8.6893,36.6150;8.7016,36.5779;8.7140,36.5532;8.7429,36.5325;8.7759,36.4913
P|3|9.6008,36.6480;9.5801,36.6315;9.5348,36.6109;9.4935,36.5655;9.4481,36.5449;9.4193,36.5408;9.3657,36.5243;9.3327,36.4995;9.2790,36.4707;9.2625,36.4500
P|15|10.4586,36.6769;10.4751,36.7058;10.5040,36.7264;10.5329,36.7388;10.5411,36.7511;10.5989,36.7800;10.6071,36.7883;10.6401,36.8047;10.6731,36.8336;10.6978,36.8460;10.7102,36.8584;10.7680,36.8914;10.8092,36.8955;10.8257,36.9037;10.8463,36.9244;10.8917,36.9450;10.9082,36.9656;10.9164,36.9986;10.9329,37.0110;10.9989,37.0440;11.0237,37.0275;11.0319,36.9821;11.0732,36.9326;11.0814,36.9120;11.0814,36.8749;11.0649,36.8542;10.9742,36.7759;10.9494,36.7429;10.9206,36.7305;10.9123,36.7140;10.8999,36.6686;10.8422,36.5944;10.7886,36.4872;10.7556,36.4830;10.7185,36.4707;10.7061,36.4624;10.6277,36.4294;10.5700,36.4253
P|15|10.5700,36.4253;10.5782,36.4294;10.5865,36.4954;10.5782,36.5284;10.5246,36.5820;10.4958,36.6192;10.4834,36.6439;10.4669,36.6563;10.4586,36.6769
P|15|10.5287,36.3923;10.5700,36.4253
M|1,15|10.2400,36.7429;10.2565,36.7181;10.2895,36.7181;10.3803,36.6728;10.4091,36.6315;10.4669,36.5820;10.4958,36.5367;10.5081,36.4542;10.5287,36.3923
P|1,22,23|9.9142,36.3676;9.9101,36.3882;9.9101,36.4377;9.9183,36.4789;9.9555,36.5202;9.9884,36.5284;10.0008,36.5408;10.0462,36.6068;10.0668,36.6274;10.0874,36.6315;10.1039,36.6439;10.1369,36.6563;10.1658,36.6810;10.1864,36.7058;10.1947,36.7264;10.1988,36.7511;10.1947,36.7800
P|3,23|9.6008,36.6480;9.6172,36.6274;9.6172,36.6150;9.6461,36.5944;9.6544,36.5697;9.6585,36.4954;9.6709,36.4624;9.6997,36.4542;9.7534,36.4212;9.7864,36.4171;9.7987,36.4088;9.8358,36.4006;9.8688,36.3841;9.9142,36.3676
P|23|9.8400,36.3304;9.8565,36.3346;9.8688,36.3469;9.8977,36.3634;9.9142,36.3676
P|3,18|9.2625,36.4500;9.2502,36.4336;9.2378,36.3964;9.2172,36.3758;9.1883,36.3634;9.1553,36.3428;9.1388,36.3263
M|7|8.7759,36.4913;8.7717,36.4789;8.7264,36.4500;8.7016,36.4418;8.6398,36.4418;8.5903,36.4542;8.5573,36.4583;8.5078,36.4542;8.4707,36.4459;8.4088,36.4583;8.3634,36.4336;8.3387,36.4294;8.2974,36.4129;8.2644,36.4047;8.2397,36.4047;8.2108,36.3964;8.1861,36.4006;8.1490,36.3799;8.1325,36.3758;8.1077,36.3882;8.0747,36.3717;8.0623,36.3799;8.0500,36.3758;8.0128,36.3511;8.0005,36.3098;7.9716,36.3016
P|4,18|9.1388,36.3263;9.1141,36.3098;9.0687,36.2933;9.0398,36.2851;9.0192,36.2892;8.9780,36.2809;8.9202,36.2603;8.8625,36.2191;8.8542,36.2067
P|4,7|8.7759,36.4913;8.7800,36.4789;8.7800,36.4294;8.7635,36.4088;8.7594,36.3593;8.7882,36.3469;8.7924,36.3387;8.7924,36.3181;8.7841,36.2974;8.7924,36.2809;8.7924,36.2603;8.8171,36.2480;8.8542,36.2067
P|4|8.8542,36.2067;8.8460,36.1985;8.7924,36.1737;8.7676,36.1655;8.7346,36.1696;8.7099,36.1820
M|15,19|10.5287,36.3923;10.5164,36.3717;10.4463,36.2851;10.4339,36.2644;10.4215,36.1861;10.4050,36.1531;10.3885,36.1283
P|4|8.7099,36.1820;8.6975,36.1737;8.6686,36.1283;8.6439,36.1118
P|4|7.9716,36.3016;7.9881,36.2974;8.0252,36.2686;8.0458,36.2438;8.1036,36.2191;8.1737,36.2150;8.2149,36.2232;8.2397,36.2150;8.2686,36.2191;8.2974,36.2315;8.3263,36.2356;8.3634,36.2273;8.4170,36.1613;8.4583,36.1407;8.5696,36.1283;8.6439,36.1118
P|18,23|9.8400,36.3304;9.8152,36.3016;9.8070,36.2809;9.7946,36.2686;9.7657,36.2603;9.7410,36.2232;9.6502,36.1778;9.6296,36.1490;9.6172,36.1407;9.5966,36.1160;9.5719,36.0953;9.5389,36.0871;9.4770,36.0582;9.4523,36.0541;9.4069,36.0624;9.3822,36.0871;9.3780,36.0995
P|18|9.3780,36.0995;9.3492,36.0830;9.3038,36.0500;9.2254,35.9180;9.2048,35.9098
P|18|9.2048,35.9098;9.2131,35.8891;9.2048,35.8685;9.2089,35.8561
M|19|10.3885,36.1283;10.3885,36.0953;10.4091,36.0335;10.4174,36.0170;10.4586,35.9716;10.5040,35.9427;10.5287,35.9221;10.5535,35.8933;10.5865,35.8685;10.6195,35.8273
P|4,18|9.2089,35.8561;9.1759,35.8809;9.1429,35.8891;9.1141,35.8850;9.0976,35.8726;9.0357,35.8479;8.9821,35.8190
P|4|8.7099,36.1820;8.7016,36.1572;8.7099,36.1242;8.7222,36.1036;8.7470,36.0789;8.7676,36.0294;8.7924,36.0170;8.8047,36.0046;8.8089,35.9799;8.8254,35.9469;8.8625,35.9221;8.8790,35.9015;8.9078,35.8933;8.9450,35.8603;8.9821,35.8190
P|19|10.6195,35.8273;10.6236,35.7984;10.6112,35.7778;10.5824,35.7448;10.5741,35.7159
P|8,19|10.3885,36.1283;10.3761,36.1242;10.3596,36.1077;10.3349,36.0665;10.3143,36.0211;10.3060,35.9881;10.2854,35.9345;10.2730,35.9139;10.2153,35.8768;10.1617,35.8314;10.1122,35.7778;10.0957,35.7324;10.0916,35.6788
P|8,23|10.0916,35.6788;10.0503,35.6912;10.0214,35.7035;9.9802,35.7613;9.9761,35.7860;9.9967,35.8231;10.0132,35.8644;10.0132,35.9015;10.0049,35.9386;10.0173,35.9634;10.0421,35.9964;10.0627,36.0417;10.0586,36.0789;10.0709,36.1366;10.0586,36.1737;10.0627,36.1820;10.0338,36.1985;10.0214,36.2232;10.0297,36.2356;10.0256,36.2562;10.0049,36.2809;9.9555,36.3016;9.9307,36.3263;9.9225,36.3387;9.9142,36.3676
P|8,19|10.5741,35.7159;10.5246,35.7035;10.4875,35.6994;10.4545,35.7035;10.4174,35.6870;10.3803,35.6829;10.3308,35.6705;10.1575,35.6705;10.0874,35.6623
P|4,9|8.9821,35.8190;8.8501,35.7778;8.8377,35.7778;8.7882,35.7530;8.7181,35.7324;8.6686,35.7118;8.6233,35.6788;8.5944,35.6499
P|4,9|8.6439,36.1118;8.6315,36.0953;8.6109,36.0376;8.5573,35.9386;8.5531,35.9139;8.5614,35.8891;8.5531,35.8479;8.5738,35.7736;8.5779,35.7283;8.5738,35.6623;8.5944,35.6499
P|8|10.0874,35.6623;10.0503,35.6582;10.0049,35.6458;9.8936,35.6045;9.8565,35.5963
P|11,13,19|11.0237,35.4684;11.0278,35.4849;10.9989,35.5179;10.9907,35.5427;10.9989,35.6004;10.9824,35.6375;10.9536,35.6334;10.9371,35.6252;10.8958,35.6334;10.8752,35.6582;10.8257,35.6664;10.7968,35.6747;10.7927,35.6870;10.7927,35.7283;10.8051,35.7613;10.7886,35.7654;10.7185,35.7571;10.6896,35.7613;10.6649,35.7819;10.6360,35.8149;10.6195,35.8273
P|9|8.5944,35.6499;8.5861,35.6375;8.5408,35.6128;8.4954,35.5963;8.4583,35.5715;8.4253,35.5798;8.3552,35.5715;8.3263,35.5592;8.2974,35.5344;8.2809,35.5262;8.2356,35.5179;8.1737,35.4519;8.1366,35.4189;8.1325,35.3983
P|8|10.0874,35.6623;10.0544,35.5963;10.0421,35.5592;10.0586,35.5386;10.0668,35.5138;10.0627,35.4767;10.0668,35.4396;10.0709,35.4272;10.0586,35.3983
P|8,17|9.8565,35.5963;9.7492,35.5592;9.7327,35.5468;9.7245,35.5138;9.7162,35.5056;9.5801,35.4313;9.5595,35.4107;9.5224,35.3942;9.5018,35.3736;9.4646,35.3612;9.4481,35.3406;9.3780,35.3158
M|11,13,19|10.5741,35.7159;10.5782,35.6540;10.6071,35.5633;10.6319,35.4313;10.6566,35.4189;10.6649,35.4066;10.6649,35.3695;10.6690,35.3447;10.6896,35.3076
P|11|10.6896,35.3076;10.7102,35.3076;10.7515,35.3406;10.7968,35.3488;10.8257,35.3695;10.8505,35.3818;10.9453,35.4107;10.9989,35.4396;10.9989,35.4519;11.0237,35.4684
P|4,9,18|8.9821,35.8190;9.0275,35.7324;9.0481,35.6623;9.0934,35.5674;9.1058,35.5262;9.1223,35.4891;9.1388,35.4396;9.1388,35.4189;9.1347,35.4066;9.1099,35.3901;9.0811,35.3323;9.0852,35.3076;9.0934,35.2952;9.1017,35.2457
P|9|9.1182,35.2457;9.1017,35.2457
P|9,17|9.3780,35.3158;9.3574,35.3076;9.3327,35.3117;9.2461,35.2663;9.2131,35.2622;9.1636,35.2416;9.1182,35.2457
P|9|8.5944,35.6499;8.6150,35.6417;8.6274,35.6128;8.6480,35.5922;8.6686,35.5798;8.6810,35.5344;8.7181,35.5179;8.7346,35.4891;8.7470,35.4808;8.7594,35.4602;8.7429,35.4189;8.7222,35.3530;8.7181,35.3241;8.7387,35.2911;8.7470,35.2540;8.7759,35.1880
P|11|10.2937,35.1880;10.3019,35.2003;10.3184,35.2581;10.3473,35.2746;10.3761,35.2787;10.4215,35.2911;10.4793,35.3200;10.5246,35.3488;10.5370,35.3488;10.5700,35.3365;10.5989,35.3323;10.6277,35.3200;10.6896,35.3076
P|9|9.1017,35.2457;9.0646,35.2622;9.0275,35.2622;8.9862,35.2457;8.8831,35.2127;8.8584,35.1962;8.8419,35.1756;8.8336,35.1715;8.8047,35.1715;8.7759,35.1880
P|9,17|9.3327,35.1509;9.2296,35.1880;9.2172,35.1962;9.1429,35.2210;9.1182,35.2457
P|17|9.5306,35.0972;9.4811,35.1137;9.4152,35.1261;9.3327,35.1509
P|8,16|10.0586,35.3983;10.0421,35.3653;10.0297,35.3282;10.0297,35.2663;10.0256,35.2251;10.0338,35.2003;10.0421,35.1385;10.0338,35.1137;10.0379,35.0931;10.0503,35.0725;10.0627,35.0395
P|8,16,17|10.0627,35.0395;10.0173,35.0395;9.9884,35.0477;9.9719,35.0725;9.9307,35.0931;9.9018,35.0931;9.8028,35.0766;9.7822,35.0766;9.6956,35.0642;9.6709,35.0519;9.6544,35.0601;9.5471,35.0972;9.5306,35.0972
P|11,16|10.2937,35.1880;10.2772,35.1674;10.2813,35.1055;10.2772,35.0931;10.2854,35.0519;10.2524,35.0230
P|16|10.2524,35.0230;10.1122,35.0395;10.0627,35.0395
P|9|8.7759,35.1880;8.7800,35.1632;8.7676,35.1467;8.7470,35.1302;8.7099,35.1137;8.7016,35.1055;8.6810,35.0766;8.6521,35.0477;8.6356,35.0024;8.6026,34.9611
P|9|8.1325,35.3983;8.1737,35.3901;8.2232,35.3736;8.2438,35.3612;8.2686,35.3365;8.2768,35.3076;8.2933,35.2787;8.3387,35.2292;8.4418,35.1426;8.4748,35.1344;8.5160,35.0890;8.5655,35.0601;8.6026,34.9611
P|17|9.1966,34.9488;9.2461,34.9570;9.2873,34.9694;9.2997,34.9694;9.3698,34.9941;9.3863,34.9941;9.4729,35.0271;9.5018,35.0436;9.5183,35.0601;9.5306,35.0972
P|9,17|9.3327,35.1509;9.2955,35.0931;9.2832,35.0807;9.2543,35.0395;9.2254,34.9900;9.1966,34.9488
M|11,16|10.6896,35.3076;10.6855,35.2663;10.6937,35.2375;10.7061,35.2168;10.7308,35.1962;10.7391,35.1797;10.7515,35.0849;10.7515,35.0684;10.7267,34.9941;10.7267,34.9446;10.7308,34.8993;10.7308,34.8333;10.7267,34.8127;10.7308,34.7714
P|11,16|11.0237,35.4684;11.0031,35.3983;11.0031,35.3695;11.0113,35.3447;11.0237,35.3200;11.1020,35.2457;11.1062,35.2333;11.0732,35.1921;11.0402,35.1797;11.0278,35.1674;11.0031,35.1261;10.9742,35.0890;10.9288,35.0601;10.9206,35.0519;10.8752,34.9405;10.8463,34.9116;10.8422,34.8745;10.8298,34.8498;10.7515,34.7549;10.7350,34.7425
P|16|10.7308,34.7714;10.7350,34.7425
P|16|10.7350,34.7425;10.6195,34.8044;10.5989,34.8250;10.5040,34.8869;10.3720,34.9611;10.3184,34.9983;10.2524,35.0230
P|16|10.0627,35.0395;10.0668,35.0312;10.0627,34.9488;10.0833,34.8498;10.0998,34.8003;10.1039,34.7384
P|16|10.1039,34.7384;10.1452,34.7467;10.2689,34.7590;10.3349,34.7508;10.3844,34.7343;10.4298,34.7302;10.4710,34.7343;10.5081,34.7302;10.5782,34.7302;10.7350,34.7425
P|6,16,17|8.8089,34.4250;8.8254,34.4291;8.8666,34.4538;8.8790,34.4662;8.9161,34.4827;8.9450,34.4909;8.9903,34.4951;9.0027,34.4909;9.0440,34.4951;9.0563,34.5033;9.1223,34.5239;9.1966,34.5446;9.2543,34.5569;9.3368,34.5611;9.3822,34.5569;9.4358,34.5569;9.4976,34.5693;9.5471,34.5817;9.5760,34.5941;9.5884,34.6064;9.6296,34.6312;9.6585,34.6394;9.6832,34.6353;9.7245,34.6353;9.7492,34.6436;9.7781,34.6312;9.8235,34.5858;9.8523,34.5858;9.8812,34.6064;9.9018,34.6312;9.9555,34.6765;10.0173,34.6930;10.0627,34.7219;10.1039,34.7384
P|6,17|9.1966,34.9488;9.1594,34.8745;9.1429,34.8498;9.1388,34.8374;9.1099,34.7920;9.1058,34.7797;9.0646,34.7095;8.9532,34.5858;8.9367,34.5734;8.9243,34.5528;8.8501,34.4745;8.8089,34.4250
P|6,9|8.6026,34.9611;8.5944,34.9488;8.5573,34.9199;8.5490,34.9034;8.5408,34.8621;8.5284,34.8374;8.5284,34.8168;8.5366,34.7838;8.5284,34.7590;8.5284,34.7384;8.5779,34.6600;8.5903,34.6147;8.6068,34.5941;8.6398,34.5693;8.6521,34.5446;8.6851,34.5281;8.7552,34.4538;8.7759,34.4167
P|6|8.7759,34.4167;8.7759,34.4126
P|6|8.7759,34.4126;8.7181,34.4167;8.6934,34.4043;8.6769,34.3878;8.6521,34.3755;8.6191,34.3713;8.5944,34.3590;8.5696,34.3301;8.5449,34.3177;8.4872,34.2971;8.4624,34.2971;8.3923,34.3136
P|16|10.7350,34.7425;10.7267,34.7137;10.7102,34.6848;10.6896,34.6683;10.6277,34.6518;10.5741,34.6188;10.5452,34.5734;10.5329,34.5652;10.3926,34.5033;10.3596,34.4827;10.3225,34.4662;10.2400,34.4373;10.2029,34.4291;10.1740,34.3878;10.1493,34.3796;10.0586,34.2847
P|16|10.1039,34.7384;10.1039,34.6889;10.1081,34.6477;10.1039,34.6147;10.0957,34.5899;10.0709,34.5404;10.0668,34.5074;10.0668,34.4126;10.0627,34.3507;10.0544,34.3012;10.0586,34.2847
P|6,21|8.3923,34.3136;8.3675,34.3095;8.3428,34.2889;8.3057,34.2394;8.2438,34.1486;8.2314,34.0950;8.2314,34.0744;8.2067,34.0455;8.1737,34.0208;8.1407,33.9754
P|5,16|10.0586,34.2847;10.0132,34.2270;9.9967,34.1775;9.9967,34.0744;10.0049,34.0125;10.0256,33.9713;10.0338,33.9465
P|5,6|8.7759,34.4126;8.8006,34.3837;8.9037,34.3425;8.9450,34.3425;9.0151,34.2889;9.0357,34.2765;9.0934,34.2600;9.1429,34.2517;9.2337,34.2435;9.3079,34.2600;9.4605,34.2806;9.4729,34.2806;9.5183,34.2682;9.6131,34.2270;9.6832,34.1899;9.7327,34.1569;9.7657,34.1486;9.8400,34.0950;9.8812,34.0538;9.9513,34.0001;9.9967,33.9589;10.0214,33.9465;10.0338,33.9465
P|21|8.1407,33.9754;8.1201,33.9259
P|5|10.0338,33.9465;10.0421,33.9300;10.0586,33.9094;10.0874,33.8888
P|5|10.0874,33.8888;10.0957,33.8805
P|5|10.0874,33.8888;10.0297,33.8847;9.9884,33.8764;9.9719,33.8805;9.9472,33.8682;9.9348,33.8682;9.8853,33.9012;9.8565,33.9094;9.8400,33.9053;9.7987,33.8805
P|21|8.1201,33.9259;8.0830,33.9094;8.0376,33.9053;7.9840,33.8888;7.9551,33.8764;7.9221,33.8682;7.8685,33.8640;7.8272,33.8682;7.8025,33.8640;7.7736,33.8558;7.7200,33.8310;7.6210,33.8063;7.5757,33.8022;7.5138,33.7815;7.4024,33.7279;7.3241,33.7032
P|14|10.8587,33.8682;10.8587,33.8269;10.8711,33.7898;10.8793,33.7774;10.9041,33.7651;10.8999,33.7279;10.9082,33.6991
P|5,10|9.7987,33.8805;9.7699,33.8764;9.7039,33.8847;9.6874,33.8805;9.6626,33.8599;9.6090,33.8310;9.5678,33.8269;9.5471,33.8187;9.4564,33.7692;9.4028,33.7609;9.3574,33.7486;9.3327,33.7527;9.2873,33.7486;9.2296,33.7362;9.1759,33.7403;9.1223,33.7486;9.0893,33.7609;9.0605,33.7651;9.0275,33.7486;8.9986,33.7156;8.9738,33.6949
P|10,21|8.9738,33.6949;8.9615,33.7073;8.9078,33.7279;8.8460,33.7774;8.7882,33.7980;8.7222,33.8145;8.6274,33.8517;8.4500,33.9342;8.3799,33.9589;8.3387,33.9795;8.2974,34.0084;8.2727,34.0084;8.2438,33.9919;8.2314,33.9795;8.1861,33.9506;8.1201,33.9259
P|5|10.0957,33.8805;10.1163,33.8434;10.1782,33.7939;10.2730,33.6578;10.3102,33.5959
P|5|10.0008,33.5382;10.0173,33.5836;10.0132,33.6042;10.0173,33.6289;10.0421,33.6784;10.0544,33.7114;10.0833,33.7609;10.0916,33.7857;10.0916,33.8558;10.0957,33.8805
P|14|11.0938,33.4887;11.0979,33.5011;11.0897,33.5258;11.0649,33.5630;11.0196,33.6001;10.9494,33.6207;10.9288,33.6413;10.9164,33.6619;10.9082,33.6991
P|5,14|10.3102,33.5959;10.3225,33.5671;10.3225,33.5465;10.3431,33.5135;10.3514,33.4805;10.3885,33.4351;10.4133,33.4186;10.4504,33.3774
P|5,14|10.4504,33.3774;10.4256,33.3732;10.3390,33.3897;10.2937,33.4021;10.2318,33.4310;10.1947,33.4310;10.1699,33.4475;10.0874,33.4722;10.0256,33.4970;10.0091,33.5176;10.0008,33.5382
P|14|10.4916,33.3402;10.6030,33.3609;10.6484,33.3567
P|14|10.4834,33.3402;10.4916,33.3402
P|14|10.4504,33.3774;10.4710,33.3485;10.4834,33.3402
P|14|11.2175,33.1340;11.2175,33.1546;11.2258,33.1670;11.2216,33.1794;11.1804,33.1959;11.1474,33.2289;11.1227,33.2454;11.1144,33.2577;11.1062,33.2825;11.1020,33.3485;11.0814,33.4516;11.0938,33.4887
P|14|11.1680,33.1299;11.2175,33.1340
P|14|10.6484,33.3567;10.7061,33.3155;10.8051,33.2660;10.8505,33.2495;10.9494,33.1959;11.0897,33.1299;11.1350,33.1258;11.1680,33.1299
P|14,20|10.4834,33.3402;10.4669,33.3031;10.4421,33.2041;10.4463,33.1794;10.4669,33.1546;10.4916,33.1340;10.4958,33.1093;10.4545,33.0392;10.4504,33.0020;10.4545,32.9484
P|14|11.2175,33.1340;11.3701,33.1546;11.4485,33.1423;11.5392,33.1381;11.5640,33.1299;11.6052,33.0969;11.6547,33.0804;11.7413,33.0598;11.7743,33.0433;11.8568,32.9608;11.9310,32.9402
P|20|10.4545,32.9484;10.4504,32.9402;10.4050,32.9072;10.3844,32.8701;10.3761,32.8453;10.3761,32.8041;10.3638,32.7422;10.3266,32.6391;10.2772,32.5360;10.2607,32.4947
P|5,10,20|9.7987,33.8805;9.7987,33.8599;9.7492,33.6826;9.7204,33.6248;9.6915,33.5918;9.6832,33.5547;9.7039,33.4310;9.7204,33.2866;9.7204,33.2412;9.7410,33.0845;9.7492,33.0433;9.7492,33.0062;9.7451,32.9690;9.7286,32.8742;9.7204,32.7958;9.7204,32.7051;9.7286,32.6102;9.7327,32.4989;9.7286,32.4576
P|20|10.2607,32.4947;10.2607,32.4741;10.2689,32.4452;10.2854,32.4122;10.3060,32.3834;10.3473,32.3545
P|20|9.7286,32.4576;9.7245,32.3710;9.7286,32.3050;9.7575,32.1277;9.7575,32.0699
P|20|10.3473,32.3545;10.3885,32.3380;10.4298,32.3009;10.4504,32.2926;10.4834,32.2885;10.5205,32.2885;10.5494,32.2803;10.5659,32.2679;10.5824,32.2266;10.6030,32.1936;10.6277,32.1730;10.6649,32.1235;10.6772,32.0988;10.6937,32.0369
P|20|10.6937,32.0369;10.6937,32.0245;10.6607,31.9462;10.6442,31.9214;10.6442,31.9091;10.6566,31.8843;10.6937,31.8802;10.7226,31.8596;10.7350,31.8554;10.7762,31.8719;10.7968,31.8926;10.8051,31.9173;10.8133,31.9297;10.8669,31.9379;10.8711,31.9462;10.8958,31.9503;10.9041,31.9256;10.9164,31.9214;10.9453,31.9214;10.9824,31.8884;10.9989,31.8678
P|20|9.7575,32.0699;9.7575,32.0369;9.7492,31.9503;9.7451,31.8101;9.7492,31.7730;9.7492,31.6946;9.7616,31.6204;9.7781,31.5709;9.8028,31.5131;9.8317,31.4677;9.9390,31.3440;9.9802,31.3028
P|20|9.9802,31.3028;10.0338,31.2492;10.1163,31.1584;10.1287,31.1295;10.1410,31.0677;10.1369,31.0182;10.1246,30.9398;10.1246,30.8821;10.1204,30.8243;10.1039,30.7872;10.0338,30.6635;9.9884,30.5604;9.9555,30.4985;9.9390,30.4779
P|20|9.9390,30.4779;9.8771,30.4408;9.7864,30.4036;9.7616,30.3871;9.7327,30.3624;9.6131,30.2923;9.5636,30.2717;9.5265,30.2634;9.4688,30.2387;9.4275,30.2139;9.4152,30.2139