Ariana|10.2522,36.9432;10.2058,36.9813;10.1781,37.0452;10.1808,37.0769;10.2045,37.0999;10.1875,37.0929;10.2163,37.1112;10.1200,37.1126;10.0889,37.0863;10.0905,37.0511;10.0660,37.0067;10.0187,36.9668;10.0219,36.9506;10.0061,36.9379;10.0270,36.9215;10.0151,36.9146;10.0006,36.9275;10.0050,36.8809;9.9909,36.8580;9.9756,36.8588;9.9789,36.8466;9.9633,36.8435;10.0253,36.8480;10.0759,36.8724;10.1049,36.8220;10.1167,36.8445;10.1405,36.8545;10.1694,36.8405;10.2126,36.8485;10.2325,36.8712;10.2311,36.8569;10.2804,36.8627;10.2886,36.8672;10.2715,36.8750;10.2849,36.9012;10.2522,36.9432
Ben Arous|10.2600,36.8085;10.2713,36.7968;10.2640,36.7722;10.2500,36.7870;10.2058,36.7785;10.2204,36.7587;10.1864,36.7211;10.1444,36.7358;10.1310,36.7254;10.1513,36.7118;10.1248,36.6945;10.0933,36.6969;10.0430,36.6227;10.1075,36.5809;10.1453,36.6017;10.1453,36.5666;10.1651,36.5326;10.1988,36.5124;10.2708,36.5034;10.2500,36.4607;10.2797,36.4467;10.2902,36.4648;10.3477,36.4879;10.3481,36.5339;10.3787,36.5440;10.3800,36.5655;10.3627,36.5825;10.3323,36.5770;10.3721,36.6149;10.3653,36.6452;10.3915,36.6448;10.3978,36.6965;10.4179,36.7124;10.3385,36.7332;10.2746,36.7962;10.2923,36.7884;10.2839,36.7962;10.3071,36.8051;10.2600,36.8085
Bizerte|8.8986,37.5191;8.9511,37.5164;8.9587,37.5272;8.9414,37.5420;8.8986,37.5191|10.0005,36.9180;10.0042,36.9285;10.0151,36.9146;10.0270,36.9215;10.0061,36.9379;10.0219,36.9506;10.0291,36.9840;10.0745,37.0195;10.0940,37.0950;10.1237,37.1136;10.2163,37.1112;10.2197,37.1539;10.2063,37.1409;10.2149,37.1123;10.1912,37.1112;10.1747,37.1195;10.1816,37.1292;10.1357,37.1369;10.1502,37.1633;10.2194,37.1695;10.2319,37.1501;10.2813,37.1773;10.2149,37.1864;10.1491,37.2282;10.0855,37.2417;10.0680,37.2690;9.9765,37.2472;9.9069,37.2577;9.8904,37.2752;9.8213,37.2255;9.9312,37.2247;9.9393,37.2079;9.9243,37.1721;9.8646,37.1349;9.8127,37.1421;9.8133,37.1600;9.7825,37.1808;9.7858,37.2095;9.7761,37.2029;9.7676,37.2174;9.7805,37.2188;9.7772,37.2394;9.8241,37.2372;9.8193,37.2448;9.8908,37.2783;9.8760,37.2874;9.8609,37.3349;9.7847,37.3276;9.7558,37.3470;9.7035,37.3342;9.6695,37.3407;9.5922,37.2972;9.5360,37.2998;9.4563,37.2630;9.4084,37.2695;9.3308,37.2312;9.2347,37.2168;9.2174,37.2410;9.1219,37.1622;9.0821,37.1570;9.1116,37.1286;9.0746,37.0821;9.1063,37.0473;9.1872,37.0506;9.2169,36.9995;9.2037,36.9704;9.2602,36.9285;9.2479,36.9059;9.2939,36.8923;9.3127,36.8715;9.3277,36.8856;9.3845,36.8494;9.3899,36.8381;9.3599,36.8075;9.3450,36.7666;9.4010,36.7234;9.4274,36.7329;9.4543,36.7629;9.5155,36.7865;9.5282,36.8174;9.5824,36.8551;9.6157,36.8665;9.6349,36.8570;9.7133,36.9021;9.7676,36.8914;9.7893,36.9342;9.8127,36.9402;9.8225,36.9716;9.8626,36.9549;9.9269,36.9532;9.9437,36.9146;9.9799,36.9264;10.0005,36.9180|9.7829,37.2185;9.7989,37.2179;9.8099,37.2338;9.7996,37.2374;9.7829,37.2185
Béja|9.0162,36.4634;9.0889,36.4195;9.0861,36.4027;9.1119,36.3966;9.1134,36.3657;9.1730,36.3844;9.1937,36.3717;9.2459,36.3741;9.2701,36.3354;9.2864,36.3598;9.3425,36.3906;9.3612,36.4393;9.3955,36.4422;9.4304,36.4625;9.4633,36.4497;9.5094,36.4638;9.5692,36.4260;9.6290,36.4261;9.6525,36.4109;9.6556,36.4273;9.6820,36.4409;9.7392,36.4507;9.7329,36.4696;9.7756,36.4873;9.7971,36.5236;9.8240,36.5302;9.8387,36.5666;9.8640,36.5750;9.8542,36.6044;9.8174,36.6077;9.8118,36.6398;9.7969,36.6351;9.7854,36.6466;9.7988,36.6653;9.7757,36.6855;9.7880,36.7100;9.7685,36.7216;9.7749,36.7296;9.7418,36.7121;9.7082,36.7437;9.6381,36.7618;9.5990,36.7903;9.5670,36.8434;9.5282,36.8174;9.5155,36.7865;9.4487,36.7596;9.4274,36.7329;9.4010,36.7234;9.3525,36.7556;9.3450,36.7666;9.3599,36.8075;9.3899,36.8381;9.3845,36.8494;9.3277,36.8856;9.3127,36.8715;9.2939,36.8923;9.2479,36.9059;9.2602,36.9285;9.2037,36.9704;9.2169,36.9995;9.1933,37.0447;9.1696,37.0553;9.1063,37.0473;9.0746,37.0821;9.1116,37.1286;9.0737,37.1564;8.9784,37.1040;8.9848,37.0983;8.9544,37.0621;8.8846,37.0086;8.9246,36.9882;8.9437,36.9504;8.9278,36.9236;9.0010,36.8858;8.9876,36.8500;8.9500,36.8433;8.9220,36.8163;8.9334,36.7899;8.9113,36.7781;9.0276,36.7499;9.0323,36.6840;9.0164,36.6656;9.0762,36.5972;9.0676,36.5817;9.0753,36.5265;9.0431,36.5055;9.0520,36.4768;9.0444,36.4630;9.0162,36.4634
El Kef|8.3765,36.3501;8.3854,36.3338;8.3768,36.3184;8.3911,36.3049;8.3379,36.2645;8.3536,36.2546;8.3547,36.2324;8.3070,36.1744;8.3385,36.1378;8.3460,36.0970;8.3210,36.0837;8.2969,36.0402;8.2905,35.9531;8.2629,35.9376;8.2557,35.9083;8.2715,35.9077;8.2535,35.8859;8.2707,35.8786;8.2643,35.7307;8.3078,35.6916;8.3560,35.6698;8.3540,35.6166;8.3893,35.6159;8.3863,35.6353;8.4173,35.6643;8.4563,35.6725;8.5436,35.6674;8.5555,35.6459;8.5785,35.6404;8.6150,35.6598;8.6303,35.6853;8.6172,35.7477;8.6503,35.7506;8.6663,35.7594;8.6673,35.7878;8.7004,35.7909;8.7129,35.7728;8.7709,35.7840;8.8040,35.7742;8.8461,35.7419;8.9654,35.7055;8.9944,35.7082;9.0456,35.6805;9.0177,35.7625;9.0385,35.7840;9.0384,35.8167;9.0166,35.8380;9.0422,35.8415;9.0511,35.8527;9.0255,35.8525;9.0305,35.8643;9.0554,35.8969;9.0790,35.8942;9.0996,35.9113;9.0983,35.9459;9.1161,35.9773;9.1690,36.0055;9.1574,36.0120;9.1708,36.0234;9.1533,36.0342;9.1636,36.0586;9.1578,36.0848;9.1107,36.1196;9.0914,36.1151;9.0356,36.1483;9.0355,36.1844;9.0561,36.2027;9.0347,36.2171;9.0403,36.2395;8.9999,36.2397;8.9555,36.2954;8.9624,36.3037;8.9453,36.3094;8.9601,36.3368;8.9873,36.3480;8.9612,36.4037;8.9280,36.4297;8.9245,36.4414;8.9397,36.4534;8.9157,36.4477;8.9007,36.4257;8.8154,36.4005;8.7687,36.3926;8.7398,36.4043;8.7153,36.3930;8.6579,36.4190;8.6113,36.4066;8.6066,36.3956;8.5434,36.3987;8.4632,36.3669;8.4496,36.3472;8.3765,36.3501
Gabès|9.7111,34.2815;9.5486,34.2647;9.5393,34.2352;9.4512,34.2123;9.3780,34.2292;9.2589,34.1956;9.2474,34.1854;9.2756,34.1413;9.3508,34.1131;9.2920,34.0875;9.2625,34.0590;9.2481,33.9292;9.3339,33.7728;9.3509,33.7106;9.4431,33.6840;9.4637,33.6244;9.5390,33.6353;9.5364,33.6052;9.5559,33.5889;9.6168,33.5908;9.5904,33.5838;9.5598,33.5541;9.5314,33.4975;9.4883,33.4951;9.6223,33.4192;9.6483,33.3502;9.7096,33.2840;9.7916,33.2699;9.9291,33.2996;10.0007,33.2932;10.1066,33.3461;10.0932,33.3613;10.0993,33.3725;10.1450,33.3875;10.1337,33.3946;10.1575,33.4087;10.2775,33.4293;10.2972,33.4697;10.3327,33.4898;10.3717,33.5751;10.4183,33.6060;10.4155,33.6302;10.4803,33.6488;10.4002,33.6707;10.3597,33.6948;10.3638,33.7021;10.3522,33.6980;10.2813,33.7400;10.2672,33.7683;10.1815,33.8245;10.1118,33.8936;10.1205,33.8952;10.1046,33.9107;10.1093,33.9219;10.0952,33.9244;10.1131,33.9246;10.0856,33.9307;10.0371,34.0357;10.0165,34.1909;10.0011,34.1882;9.9659,34.2111;9.9343,34.2062;9.9222,34.1783;9.8969,34.1683;9.8636,34.1987;9.8520,34.2277;9.8252,34.2381;9.8186,34.2204;9.7549,34.2201;9.7111,34.2815
Gafsa|8.3242,34.7328;8.2955,34.7314;8.2647,34.6923;8.2406,34.6879;8.2414,34.6697;8.2808,34.6548;8.2413,34.6315;8.2501,34.6145;8.2110,34.6035;8.2043,34.5890;8.2222,34.5780;8.1615,34.5692;8.1667,34.5527;8.1348,34.5286;8.0779,34.4166;8.0952,34.3989;8.0417,34.3285;8.1220,34.2616;8.1541,34.2026;8.2903,34.1503;8.3284,34.1571;8.3277,34.1223;8.3437,34.1076;8.3338,34.0834;8.3489,34.0531;8.4716,34.0677;8.6477,34.0608;8.6537,34.0787;8.6797,34.0889;8.8444,34.0950;8.8554,34.1206;9.0168,34.1221;9.1282,34.1652;9.2235,34.1718;9.3184,34.2206;9.3780,34.2292;9.4381,34.2104;9.5444,34.2395;9.5503,34.3151;9.5385,34.3517;9.5607,34.3695;9.5073,34.3817;9.4887,34.4460;9.4531,34.4814;9.3578,34.5067;9.3351,34.4941;9.3102,34.5016;9.3381,34.5294;9.3502,34.5630;9.3142,34.5523;9.2931,34.5804;9.2703,34.5684;9.2548,34.5787;9.2819,34.6602;9.2278,34.7083;9.1962,34.7061;9.1905,34.6930;9.1526,34.7063;9.1562,34.7171;9.1015,34.7092;9.0678,34.6798;8.9775,34.7306;8.9209,34.8102;8.7890,34.7533;8.7506,34.7251;8.7303,34.7249;8.5856,34.6274;8.5084,34.6406;8.4427,34.6853;8.3242,34.7328
Jendouba|8.9397,36.4534;9.0444,36.4630;9.0520,36.4768;9.0431,36.5055;9.0753,36.5265;9.0676,36.5817;9.0762,36.5972;9.0164,36.6656;9.0323,36.6840;9.0276,36.7499;8.9113,36.7781;8.9334,36.7899;8.9220,36.8163;8.9500,36.8433;8.9876,36.8500;9.0010,36.8858;8.9278,36.9236;8.9437,36.9504;8.9246,36.9882;8.8846,37.0086;8.7831,36.9535;8.7634,36.9539;8.7602,36.9671;8.7562,36.9578;8.7421,36.9696;8.7116,36.9674;8.6421,36.9409;8.6540,36.9157;8.6305,36.8969;8.6250,36.8538;8.6811,36.8390;8.6694,36.8173;8.6111,36.7909;8.5996,36.7987;8.5725,36.7732;8.4841,36.7795;8.4299,36.7595;8.4289,36.7487;8.4641,36.7484;8.4658,36.7252;8.4875,36.6973;8.4702,36.6680;8.4513,36.6621;8.4599,36.6583;8.4492,36.6181;8.4178,36.6224;8.3877,36.5948;8.3261,36.5738;8.2915,36.5396;8.2564,36.5371;8.1953,36.5072;8.1771,36.5135;8.1537,36.4969;8.1688,36.4642;8.2134,36.4467;8.2845,36.4461;8.3279,36.4323;8.3549,36.4462;8.3718,36.4283;8.4063,36.4231;8.3938,36.3939;8.4019,36.3781;8.3765,36.3501;8.3958,36.3478;8.4496,36.3472;8.4632,36.3669;8.5434,36.3987;8.6066,36.3956;8.6113,36.4066;8.6579,36.4190;8.7153,36.3930;8.7398,36.4043;8.7687,36.3926;8.8154,36.4005;8.9007,36.4257;8.9157,36.4477;8.9397,36.4534
Kairouan|10.1818,36.1379;10.1498,36.1304;10.1260,36.1066;10.1375,36.0817;10.0778,36.0754;10.0583,36.1061;10.0607,36.0464;10.0443,36.0006;10.0112,36.0123;9.9737,36.0499;9.9543,36.0386;9.9009,36.0426;9.8779,36.0754;9.8432,36.0738;9.8287,36.0550;9.8254,36.0895;9.8078,36.1068;9.7793,36.1022;9.7556,36.1136;9.7533,36.0901;9.7042,36.0503;9.6445,36.0162;9.5176,35.9123;9.4874,35.9045;9.4930,35.8724;9.5176,35.8616;9.5233,35.8441;9.4983,35.7952;9.5100,35.7876;9.4837,35.7876;9.5376,35.7427;9.5199,35.7289;9.4680,35.7294;9.4568,35.7133;9.4330,35.7125;9.3980,35.6879;9.2905,35.7224;9.2696,35.7012;9.3695,35.5975;9.3893,35.5960;9.4102,35.5706;9.4226,35.5764;9.3959,35.5477;9.4335,35.5343;9.4424,35.5023;9.4891,35.4656;9.4883,35.4294;9.5051,35.4141;9.4591,35.3635;9.5271,35.3443;9.5545,35.2749;9.5662,35.2697;9.5870,35.2848;9.6417,35.2607;9.6916,35.2307;9.6988,35.2007;9.7478,35.1804;9.8732,35.1661;9.8884,35.1849;9.9505,35.2077;9.9676,35.2024;9.9731,35.1823;10.0015,35.1645;9.9921,35.1208;10.0023,35.1029;9.9941,35.0842;10.0129,35.0661;10.0058,35.0524;10.0174,35.0506;10.0077,35.0425;10.0633,35.0202;10.0578,35.0577;10.1431,35.1167;10.1502,35.1368;10.2229,35.1530;10.2106,35.1868;10.2206,35.1976;10.1744,35.2666;10.2051,35.3205;10.1606,35.3570;10.1820,35.4215;10.2165,35.4378;10.2201,35.4754;10.2573,35.4988;10.2073,35.5537;10.3073,35.5850;10.2527,35.6815;10.2128,35.7116;10.2031,35.7645;10.1588,35.8129;10.1812,35.8798;10.2290,35.9185;10.2578,35.9797;10.2555,36.0357;10.2037,36.0566;10.2165,36.0861;10.2019,36.1054;10.2065,36.1355;10.1818,36.1379
Kasserine|8.3540,35.6166;8.3600,35.5257;8.3861,35.4743;8.3533,35.4631;8.3155,35.4142;8.3299,35.4065;8.3127,35.3722;8.3115,35.3151;8.3336,35.2804;8.4088,35.2450;8.4765,35.2398;8.4226,35.1792;8.3998,35.1279;8.3572,35.0987;8.3157,35.0092;8.3153,34.9481;8.2452,34.9211;8.2818,34.8277;8.2838,34.7669;8.2975,34.7430;8.4427,34.6853;8.5084,34.6406;8.5856,34.6274;8.7303,34.7249;9.0388,34.8573;9.0648,34.8833;9.0273,34.8889;9.0354,34.9403;9.0499,34.9370;9.0610,34.9560;9.1063,34.9676;9.1221,34.9954;9.1505,34.9944;9.1836,35.0143;9.2719,35.0209;9.3239,35.0827;9.2429,35.1376;9.2537,35.1671;9.2381,35.1981;9.2749,35.2151;9.2035,35.2451;9.1501,35.2915;9.2105,35.3933;9.3394,35.4785;9.2935,35.5348;9.2703,35.5323;9.2680,35.5535;9.2143,35.5428;9.1811,35.5627;9.1924,35.5943;9.1706,35.6055;9.1745,35.6170;9.1320,35.6102;9.1053,35.6267;9.0869,35.6005;9.0485,35.6344;8.9942,35.6330;8.9860,35.6633;9.0001,35.6662;8.9640,35.6769;9.0124,35.7011;8.8461,35.7419;8.7709,35.7840;8.7129,35.7728;8.7004,35.7909;8.6673,35.7878;8.6663,35.7594;8.6503,35.7506;8.6172,35.7477;8.6303,35.6853;8.6150,35.6598;8.5785,35.6404;8.5555,35.6459;8.5436,35.6674;8.4563,35.6725;8.4173,35.6643;8.3863,35.6353;8.3893,35.6159;8.3540,35.6166
Kébili|7.7366,33.4247;7.7326,33.3747;7.7492,33.3274;7.7778,33.3236;7.8322,33.1881;7.9057,33.1845;8.1173,33.0998;8.1161,33.0498;8.2472,32.9244;8.3226,32.8235;8.3568,32.5026;9.2113,32.6489;9.4715,32.7069;9.5595,32.7550;9.5969,32.7553;9.7099,32.8006;9.7704,32.7853;9.8074,32.7217;9.8281,32.7270;9.8418,32.7034;9.9010,32.6831;9.9142,32.6585;9.9505,32.6476;9.9640,32.6600;9.9631,32.6849;9.8799,32.7352;9.9234,32.7635;9.9123,32.8108;9.9431,32.8152;9.9714,32.8556;9.9432,32.8888;9.9365,32.9519;10.0117,32.9773;9.9951,32.9930;9.9366,33.0036;9.9169,33.0468;9.8935,33.0523;9.9154,33.0725;9.9166,33.1984;9.8993,33.2119;9.8575,33.2036;9.7902,33.2201;9.6483,33.3502;9.6223,33.4192;9.4883,33.4951;9.5314,33.4975;9.5598,33.5541;9.5904,33.5838;9.6168,33.5908;9.5559,33.5889;9.5364,33.6052;9.5390,33.6353;9.4637,33.6244;9.4431,33.6840;9.3509,33.7106;9.3339,33.7728;9.2481,33.9292;9.2625,34.0590;9.2920,34.0875;9.3508,34.1131;9.2756,34.1413;9.2474,34.1854;9.2235,34.1718;9.1282,34.1652;9.0168,34.1221;8.8554,34.1206;8.8444,34.0950;8.7253,34.0950;8.6608,34.0826;8.6300,34.0151;8.5467,33.9237;8.4472,33.8606;8.3525,33.7799;8.2245,33.7177;7.8473,33.4566;7.7366,33.4247
Mahdia|10.3073,35.5850;10.2073,35.5537;10.2573,35.4988;10.2201,35.4754;10.2165,35.4378;10.1820,35.4215;10.1606,35.3570;10.2051,35.3205;10.1744,35.2666;10.2206,35.1976;10.2106,35.1868;10.2229,35.1530;10.2814,35.1303;10.3171,35.1436;10.3641,35.1323;10.3941,35.1004;10.4274,35.0889;10.4764,35.1315;10.5292,35.1427;10.5855,35.1793;10.5920,35.1861;10.5620,35.2281;10.6290,35.2576;10.6746,35.2219;10.7112,35.2216;10.7583,35.2416;10.7505,35.2488;10.7651,35.2785;10.7911,35.2738;10.8346,35.1452;10.8876,35.1610;10.9074,35.1887;10.9406,35.1531;10.9199,35.1368;10.9561,35.0980;11.0215,35.0892;11.0385,35.1354;11.0603,35.1461;11.0513,35.1518;11.0585,35.1591;11.0881,35.1610;11.0821,35.1693;11.1087,35.1940;11.1179,35.2228;11.1664,35.2307;11.1006,35.2669;11.0411,35.3267;11.0319,35.3700;11.0503,35.3910;11.0435,35.4446;11.0600,35.4945;11.0826,35.5078;11.0491,35.5150;11.0296,35.5572;10.9548,35.5356;10.9374,35.5426;10.9159,35.5180;10.9243,35.5078;10.8936,35.5068;10.8473,35.4836;10.8429,35.4373;10.8085,35.4230;10.7813,35.4272;10.7309,35.4745;10.7355,35.4874;10.6837,35.4716;10.6723,35.4847;10.6402,35.4859;10.6381,35.5002;10.6124,35.4657;10.5716,35.4486;10.5593,35.3966;10.5429,35.4090;10.5306,35.3993;10.4916,35.4087;10.4764,35.4242;10.4853,35.4339;10.4606,35.4350;10.4583,35.4747;10.4230,35.4972;10.3765,35.4925;10.3895,35.4937;10.3712,35.4708;10.3621,35.4930;10.3012,35.5264;10.3077,35.5342;10.2929,35.5515;10.3087,35.5715;10.3224,35.5695;10.3149,35.5801;10.3270,35.5732;10.3303,35.5915;10.3073,35.5850
Manouba|10.1150,36.8275;10.0961,36.8310;10.0736,36.8727;10.0253,36.8480;9.9653,36.8418;10.0050,36.8809;10.0112,36.8971;10.0005,36.9180;9.9799,36.9264;9.9437,36.9146;9.9269,36.9532;9.8626,36.9549;9.8256,36.9717;9.7676,36.8914;9.7133,36.9021;9.6349,36.8570;9.6157,36.8665;9.5663,36.8413;9.5990,36.7903;9.6381,36.7618;9.7082,36.7437;9.7418,36.7121;9.7749,36.7296;9.7685,36.7216;9.7880,36.7100;9.7757,36.6855;9.7988,36.6653;9.7854,36.6466;9.7969,36.6351;9.8118,36.6398;9.8174,36.6077;9.8478,36.6089;9.8640,36.5750;9.8888,36.5726;9.9025,36.5530;10.0175,36.6628;10.0430,36.6227;10.0814,36.6671;10.0933,36.6969;10.0698,36.7061;10.0750,36.7241;10.0323,36.7396;10.0409,36.7453;10.0258,36.7733;10.0038,36.7869;10.0207,36.7985;10.0516,36.7867;10.0739,36.7996;10.1152,36.7959;10.1150,36.8275
Monastir|10.6133,35.4745;10.6381,35.5002;10.6402,35.4859;10.6723,35.4847;10.6837,35.4716;10.7355,35.4874;10.7309,35.4745;10.7813,35.4272;10.8085,35.4230;10.8429,35.4373;10.8473,35.4836;10.8936,35.5068;10.9243,35.5078;10.9159,35.5180;10.9374,35.5426;10.9548,35.5356;10.9922,35.5422;10.9955,35.5554;11.0307,35.5544;11.0499,35.6243;10.8329,35.6976;10.8169,35.7211;10.8248,35.7167;10.8227,35.7402;10.8436,35.7686;10.8346,35.7880;10.7465,35.7651;10.6855,35.7875;10.6699,35.7715;10.6680,35.7416;10.6234,35.7330;10.6423,35.7146;10.6253,35.6856;10.6469,35.6641;10.6187,35.6364;10.5690,35.6498;10.5231,35.5923;10.5389,35.5717;10.5000,35.5568;10.4933,35.5327;10.4999,35.4816;10.5578,35.4746;10.5552,35.4930;10.5835,35.5024;10.6085,35.4961;10.6133,35.4745|11.0203,35.7918;11.0465,35.7970;11.0337,35.8055;11.0203,35.7918
Médenine|10.8600,33.5992;10.8705,33.5836;10.8733,33.6015;10.8600,33.5992|10.7075,33.7322;10.7219,33.7223;10.7201,33.7417;10.7075,33.7322|9.9068,33.0665;9.9420,33.0463;9.9602,33.0666;10.0831,33.0596;10.1000,33.0806;10.1605,33.0810;10.2452,33.1366;10.3231,33.1662;10.3663,33.1682;10.4908,33.2348;10.4906,33.2147;10.6139,33.2037;10.5664,33.1596;10.5235,33.1489;10.5590,33.1122;10.8722,33.0826;10.8976,33.0933;11.0059,33.0790;11.0363,33.0951;11.0216,33.0345;11.0379,33.0224;11.0398,32.9964;11.1153,32.8659;11.1097,32.8150;11.1267,32.7177;11.0848,32.6756;11.1445,32.5330;11.2257,32.3767;11.3255,32.3985;11.3420,32.3876;11.3354,32.3730;11.2567,32.3300;11.1812,32.3063;11.1553,32.2499;11.5489,32.4086;11.5950,32.4545;11.5999,32.5192;11.5517,32.5808;11.5048,32.6066;11.4779,32.6559;11.4943,32.6957;11.4955,32.9179;11.5277,32.9862;11.5270,33.0783;11.5605,33.1401;11.5615,33.1668;11.4829,33.1824;11.3269,33.2668;11.4423,33.1956;11.4452,33.1791;11.1752,33.2078;11.1595,33.2525;11.1165,33.2860;11.1291,33.3154;11.1754,33.3158;11.2942,33.2779;11.1749,33.3295;11.1353,33.3702;11.0958,33.3598;11.1226,33.3742;11.1178,33.3897;11.1300,33.3787;11.1381,33.3869;11.1120,33.4071;11.1102,33.3976;11.0925,33.4353;11.1061,33.4757;11.1205,33.4818;11.1120,33.4907;11.1200,33.4954;11.1314,33.4797;11.1151,33.5378;11.0672,33.6081;10.9972,33.6500;11.0049,33.6385;10.9886,33.6388;10.9951,33.6273;10.9728,33.6222;10.9458,33.6282;10.9271,33.6549;10.9457,33.6263;10.9215,33.6198;10.9127,33.6036;10.9270,33.5995;10.9481,33.5629;10.9289,33.5336;10.8064,33.4949;10.7830,33.4719;10.6995,33.4912;10.7025,33.5194;10.6807,33.5343;10.6878,33.5579;10.7206,33.5755;10.7352,33.6028;10.7309,33.6459;10.7451,33.6774;10.7236,33.7070;10.5719,33.6546;10.5692,33.6387;10.5945,33.6406;10.5871,33.6301;10.5544,33.6293;10.5681,33.6558;10.4941,33.6378;10.4929,33.6205;10.4697,33.6334;10.4432,33.6222;10.4248,33.6356;10.4183,33.6060;10.3717,33.5751;10.3327,33.4898;10.2972,33.4697;10.2775,33.4293;10.1575,33.4087;10.1337,33.3946;10.1450,33.3875;10.0993,33.3725;10.0932,33.3613;10.1066,33.3461;10.0748,33.3265;10.0007,33.2932;9.9291,33.2996;9.7916,33.2699;9.7096,33.2840;9.7902,33.2201;9.8575,33.2036;9.9101,33.2061;9.9189,33.1470;9.9068,33.0665|10.7275,33.7636;10.7411,33.7161;10.7610,33.6995;10.7898,33.6968;10.7908,33.7221;10.8317,33.7355;10.8773,33.6900;10.8689,33.6539;10.8869,33.6314;10.9001,33.6759;10.9150,33.6799;10.9264,33.6561;10.9159,33.6784;10.9678,33.7272;10.9739,33.6828;10.9974,33.7520;11.0625,33.7892;11.0564,33.8244;11.0134,33.8342;10.8923,33.9151;10.9324,33.8954;10.9319,33.8751;10.8757,33.8777;10.7931,33.9030;10.7442,33.8882;10.7494,33.7982;10.7275,33.7636
Nabeul|10.3477,36.4879;10.3444,36.4235;10.3673,36.3829;10.4258,36.3770;10.4747,36.3535;10.5065,36.3918;10.5319,36.3704;10.5296,36.3528;10.5757,36.3978;10.5998,36.4033;10.6166,36.3922;10.6947,36.4304;10.8085,36.4568;10.8740,36.5818;10.9720,36.7259;11.0231,36.7870;11.0975,36.8360;11.1130,36.8318;11.1298,36.8553;11.1367,36.8748;11.1069,36.9033;11.0987,36.9565;11.0596,37.0088;11.0585,37.0320;11.0750,37.0510;11.0581,37.0731;11.0352,37.0887;11.0383,37.0787;10.9746,37.0498;10.9079,37.0504;10.9119,37.0071;10.8989,37.0107;10.8742,36.9773;10.7587,36.9053;10.6938,36.8783;10.6091,36.8822;10.6125,36.8739;10.5857,36.8637;10.5369,36.7575;10.4176,36.7166;10.3978,36.6965;10.3915,36.6448;10.3653,36.6452;10.3721,36.6149;10.3323,36.5770;10.3627,36.5825;10.3800,36.5655;10.3787,36.5440;10.3481,36.5339;10.3477,36.4879|10.7889,37.1258;10.7949,37.1159;10.8196,37.1186;10.8062,37.1431;10.7889,37.1258
Sfax|10.3033,34.3706;10.3211,34.3597;10.3130,34.3808;10.3033,34.3706|9.7111,34.2815;9.7549,34.2201;9.8186,34.2204;9.8252,34.2381;9.8520,34.2277;9.8636,34.1987;9.8969,34.1683;9.9222,34.1783;9.9343,34.2062;9.9659,34.2111;10.0344,34.1816;10.0336,34.1680;10.0430,34.2064;10.0291,34.2072;10.0433,34.2269;10.0490,34.2089;10.1222,34.3174;10.1702,34.3260;10.1913,34.3643;10.2103,34.3477;10.2406,34.3698;10.2689,34.3705;10.2862,34.4190;10.3241,34.3930;10.3503,34.4034;10.3527,34.4184;10.3227,34.4059;10.3297,34.4184;10.3519,34.4279;10.3754,34.4213;10.4303,34.4904;10.4603,34.5079;10.5222,34.5271;10.5633,34.5290;10.5415,34.5180;10.5930,34.5390;10.6059,34.5554;10.5980,34.5459;10.6046,34.5870;10.6505,34.6353;10.6999,34.6345;10.7310,34.6528;10.7543,34.6991;10.7537,34.7239;10.7653,34.7112;10.7611,34.7215;10.7762,34.7213;10.7645,34.7283;10.7812,34.7222;10.7825,34.7477;10.8079,34.7697;10.8714,34.7992;10.8660,34.8279;10.9082,34.8706;10.9195,34.8657;10.9093,34.8710;10.9246,34.9013;10.9249,34.9674;11.0062,35.0144;11.0191,35.0416;11.0352,35.0420;11.0231,35.0443;11.0276,35.0797;10.9561,35.0980;10.9199,35.1368;10.9406,35.1531;10.9074,35.1887;10.8876,35.1610;10.8346,35.1452;10.7911,35.2738;10.7651,35.2785;10.7505,35.2488;10.7583,35.2416;10.7112,35.2216;10.6746,35.2219;10.6290,35.2576;10.5620,35.2281;10.5920,35.1861;10.5855,35.1793;10.5292,35.1427;10.4764,35.1315;10.4274,35.0889;10.3941,35.1004;10.3641,35.1323;10.3205,35.1433;10.2814,35.1303;10.2290,35.1535;10.1502,35.1368;10.1431,35.1167;10.0578,35.0577;10.0636,35.0033;10.0087,34.8971;9.9546,34.8310;9.9393,34.7561;9.9131,34.7512;9.9182,34.7206;9.8994,34.6795;9.9085,34.6653;9.8872,34.6612;9.8793,34.6437;9.9011,34.6327;9.8728,34.6073;9.8825,34.5925;9.9005,34.5981;9.9706,34.5675;9.9812,34.5474;9.9694,34.5381;10.0598,34.5258;9.9476,34.4500;9.9244,34.4678;9.9208,34.4317;9.8591,34.3702;9.8010,34.3649;9.7231,34.3372;9.7615,34.2744;9.7111,34.2815|10.9664,34.6567;11.0478,34.6131;11.1248,34.6631;11.0886,34.6737;10.9926,34.6725;10.9664,34.6567|11.1218,34.6794;11.1309,34.6631;11.2030,34.7027;11.2481,34.7109;11.2501,34.7237;11.2889,34.7330;11.2973,34.7237;11.3044,34.7425;11.2715,34.7780;11.2953,34.7780;11.2864,34.8046;11.3179,34.8012;11.2762,34.8193;11.2788,34.8027;11.2465,34.8309;11.2478,34.7913;11.2161,34.7843;11.2324,34.7660;11.2255,34.7455;11.1980,34.7410;11.1702,34.7624;11.1817,34.7425;11.1743,34.7285;11.1218,34.6794
Sidi Bouzid|10.0633,35.0202;10.0077,35.0425;10.0174,35.0506;10.0058,35.0524;10.0129,35.0661;9.9941,35.0842;10.0023,35.1029;9.9921,35.1208;10.0015,35.1645;9.9731,35.1823;9.9676,35.2024;9.9505,35.2077;9.8884,35.1849;9.8732,35.1661;9.7478,35.1804;9.6988,35.2007;9.6916,35.2307;9.6417,35.2607;9.5870,35.2848;9.5662,35.2697;9.5545,35.2749;9.5271,35.3443;9.4591,35.3635;9.4744,35.3884;9.5052,35.4052;9.4883,35.4294;9.4903,35.4635;9.4662,35.4772;9.4641,35.4931;9.4454,35.4845;9.3953,35.4953;9.3309,35.4755;9.2319,35.4124;9.1501,35.2915;9.2035,35.2451;9.2749,35.2151;9.2381,35.1981;9.2537,35.1671;9.2429,35.1376;9.3239,35.0827;9.2719,35.0209;9.1836,35.0143;9.1505,34.9944;9.1221,34.9954;9.1063,34.9676;9.0610,34.9560;9.0499,34.9370;9.0354,34.9403;9.0273,34.8889;9.0584,34.8903;9.0593,34.8703;8.9209,34.8102;8.9775,34.7306;9.0678,34.6798;9.0900,34.7056;9.1562,34.7171;9.1526,34.7063;9.1905,34.6930;9.1962,34.7061;9.2278,34.7083;9.2632,34.6838;9.2819,34.6602;9.2548,34.5787;9.2703,34.5684;9.2931,34.5804;9.3142,34.5523;9.3502,34.5630;9.3381,34.5294;9.3102,34.5016;9.3351,34.4941;9.3578,34.5067;9.4531,34.4814;9.4887,34.4460;9.5073,34.3817;9.5607,34.3695;9.5385,34.3517;9.5486,34.2647;9.6955,34.2826;9.7615,34.2744;9.7231,34.3372;9.8010,34.3649;9.8591,34.3702;9.9208,34.4317;9.9244,34.4678;9.9476,34.4500;10.0598,34.5258;9.9694,34.5381;9.9812,34.5474;9.9706,34.5675;9.9005,34.5981;9.8825,34.5925;9.8728,34.6073;9.9011,34.6327;9.8793,34.6437;9.8872,34.6612;9.9085,34.6653;9.8994,34.6795;9.9182,34.7206;9.9131,34.7512;9.9393,34.7561;9.9546,34.8310;10.0087,34.8971;10.0633,35.0202
Siliana|9.0124,35.7011;8.9640,35.6769;9.0001,35.6662;8.9860,35.6633;8.9942,35.6330;9.0485,35.6344;9.0869,35.6005;9.1053,35.6267;9.1320,35.6102;9.1745,35.6170;9.1706,35.6055;9.1924,35.5943;9.1811,35.5627;9.2143,35.5428;9.2680,35.5535;9.2703,35.5323;9.2935,35.5348;9.3223,35.5109;9.3331,35.4776;9.3953,35.4953;9.4454,35.4845;9.4641,35.4931;9.4424,35.5023;9.4335,35.5343;9.3959,35.5477;9.4226,35.5764;9.4102,35.5706;9.3893,35.5960;9.3695,35.5975;9.2696,35.7012;9.2905,35.7224;9.3980,35.6879;9.4330,35.7125;9.4568,35.7133;9.4680,35.7294;9.5199,35.7289;9.5376,35.7427;9.4837,35.7876;9.5100,35.7876;9.4983,35.7952;9.5233,35.8441;9.5176,35.8616;9.4930,35.8724;9.4874,35.9045;9.5754,35.9518;9.6445,36.0162;9.7533,36.0901;9.7697,36.1439;9.7247,36.1635;9.7200,36.1985;9.6982,36.2142;9.6731,36.2294;9.6714,36.2172;9.6551,36.2157;9.5945,36.2570;9.6367,36.2886;9.6714,36.2895;9.7240,36.3147;9.7166,36.3338;9.7561,36.3638;9.7510,36.4074;9.7609,36.4130;9.7478,36.4498;9.6820,36.4409;9.6556,36.4273;9.6525,36.4109;9.6290,36.4261;9.5692,36.4260;9.5094,36.4638;9.4633,36.4497;9.4304,36.4625;9.3955,36.4422;9.3612,36.4393;9.3425,36.3906;9.2864,36.3598;9.2701,36.3354;9.2459,36.3741;9.1937,36.3717;9.1730,36.3844;9.1134,36.3657;9.1119,36.3966;9.0861,36.4027;9.0889,36.4195;9.0162,36.4634;8.9300,36.4502;8.9328,36.4204;8.9612,36.4037;8.9873,36.3480;8.9601,36.3368;8.9453,36.3094;8.9624,36.3037;8.9555,36.2954;8.9999,36.2397;9.0403,36.2395;9.0347,36.2171;9.0561,36.2027;9.0355,36.1844;9.0356,36.1483;9.0914,36.1151;9.1107,36.1196;9.1578,36.0848;9.1636,36.0586;9.1533,36.0342;9.1708,36.0234;9.1574,36.0120;9.1690,36.0055;9.1161,35.9773;9.0983,35.9459;9.0996,35.9113;9.0790,35.8942;9.0554,35.8969;9.0305,35.8643;9.0255,35.8525;9.0511,35.8527;9.0422,35.8415;9.0166,35.8380;9.0384,35.8167;9.0385,35.7840;9.0177,35.7625;9.0456,35.6805;9.0124,35.7011
Sousse|10.1818,36.1379;10.2065,36.1355;10.2019,36.1054;10.2165,36.0861;10.2037,36.0566;10.2555,36.0357;10.2578,35.9797;10.2290,35.9185;10.1812,35.8798;10.1588,35.8129;10.2031,35.7645;10.2128,35.7116;10.2527,35.6815;10.3073,35.5850;10.3305,35.5949;10.3270,35.5732;10.3149,35.5801;10.3224,35.5695;10.3087,35.5715;10.2929,35.5515;10.3077,35.5342;10.3012,35.5264;10.3621,35.4930;10.3712,35.4708;10.3895,35.4937;10.3765,35.4925;10.4230,35.4972;10.4583,35.4747;10.4606,35.4350;10.4853,35.4339;10.4764,35.4242;10.4916,35.4087;10.5663,35.3981;10.5716,35.4486;10.6124,35.4657;10.6107,35.4938;10.5605,35.4976;10.5508,35.4878;10.5578,35.4746;10.5457,35.4804;10.5513,35.4733;10.5402,35.4705;10.5277,35.4849;10.4999,35.4816;10.5000,35.5568;10.5389,35.5717;10.5231,35.5923;10.5690,35.6498;10.6187,35.6364;10.6469,35.6641;10.6253,35.6856;10.6423,35.7146;10.6234,35.7330;10.6680,35.7416;10.6699,35.7715;10.6867,35.7885;10.6476,35.8138;10.6420,35.8274;10.6524,35.8266;10.6236,35.8494;10.5323,35.9762;10.5001,35.9713;10.5041,35.9849;10.4732,35.9843;10.5011,35.9919;10.4551,36.0057;10.5143,36.0063;10.5322,35.9764;10.5170,36.0286;10.4838,36.0545;10.4666,36.1443;10.4808,36.2438;10.5319,36.3704;10.5065,36.3918;10.4747,36.3535;10.4258,36.3770;10.3673,36.3829;10.3676,36.3393;10.3909,36.3034;10.3729,36.2801;10.3570,36.2817;10.3892,36.2640;10.3779,36.2358;10.3447,36.2361;10.3159,36.2129;10.2793,36.2178;10.2793,36.2343;10.2566,36.2264;10.2642,36.1660;10.1841,36.1579;10.1818,36.1379
Tataouine|8.3568,32.5026;9.0653,32.0874;9.1975,31.6363;9.5585,30.2302;9.8318,30.3372;9.8775,30.3369;9.9441,30.3834;10.0071,30.4698;10.0696,30.5084;10.2190,30.7043;10.2721,30.8005;10.3056,30.8950;10.2847,30.9550;10.2751,31.0408;10.2941,31.0913;10.2657,31.1218;10.2621,31.1869;10.2458,31.1979;10.2037,31.2838;10.1339,31.4787;10.2123,31.5660;10.2763,31.6724;10.3861,31.7405;10.4691,31.7320;10.4989,31.7542;10.5268,31.7408;10.6349,31.8793;10.6132,31.9092;10.6239,31.9161;10.6126,31.9163;10.6303,31.9392;10.6380,31.9331;10.6328,31.9576;10.6472,31.9743;10.7223,31.9677;10.7951,31.9981;10.8610,32.0856;10.8614,32.1053;11.0292,32.1997;11.1553,32.2499;11.1812,32.3063;11.2567,32.3300;11.3354,32.3730;11.3420,32.3876;11.3255,32.3985;11.2257,32.3767;11.1445,32.5330;11.0848,32.6756;11.1267,32.7177;11.1097,32.8150;11.1153,32.8659;11.0398,32.9964;11.0379,33.0224;11.0216,33.0345;11.0363,33.0951;11.0059,33.0790;10.8976,33.0933;10.8722,33.0826;10.5590,33.1122;10.5235,33.1489;10.5664,33.1596;10.6139,33.2037;10.4906,33.2147;10.4908,33.2348;10.3663,33.1682;10.3231,33.1662;10.2452,33.1366;10.1605,33.0810;10.1000,33.0806;10.0831,33.0596;9.9602,33.0666;9.9420,33.0463;9.8965,33.0652;9.8935,33.0523;9.9169,33.0468;9.9366,33.0036;9.9951,32.9930;10.0117,32.9773;9.9365,32.9519;9.9432,32.8888;9.9714,32.8556;9.9431,32.8152;9.9123,32.8108;9.9234,32.7635;9.8799,32.7352;9.9631,32.6849;9.9640,32.6600;9.9505,32.6476;9.9142,32.6585;9.9010,32.6831;9.8418,32.7034;9.8281,32.7270;9.8074,32.7217;9.7683,32.7867;9.7099,32.8006;9.5969,32.7553;9.5595,32.7550;9.4715,32.7069;9.2113,32.6489;8.3568,32.5026
Tozeur|8.6477,34.0608;8.4716,34.0677;8.3489,34.0531;8.3338,34.0834;8.3437,34.1076;8.3277,34.1223;8.3284,34.1571;8.2903,34.1503;8.1541,34.2026;8.1220,34.2616;8.0417,34.3285;8.0952,34.3989;8.0779,34.4166;8.1352,34.5321;8.1156,34.5123;8.0831,34.5158;8.0720,34.4969;8.0430,34.4934;8.0112,34.4581;7.9533,34.4474;7.9327,34.4199;7.8565,34.4053;7.8535,34.3558;7.8133,34.2433;7.8160,34.2135;7.7328,34.1698;7.6552,34.1974;7.6141,34.1137;7.5796,34.0988;7.5908,34.0957;7.5810,34.0864;7.5321,34.0703;7.5604,34.0146;7.5220,33.9051;7.5472,33.8368;7.5254,33.7983;7.5622,33.7774;7.5648,33.7272;7.6339,33.5721;7.7366,33.4247;7.8473,33.4566;8.2245,33.7177;8.3525,33.7799;8.4472,33.8606;8.5467,33.9237;8.6300,34.0151;8.6477,34.0608
Tunis|10.1150,36.8275;10.1152,36.7959;10.0739,36.7996;10.0516,36.7867;10.0207,36.7985;10.0038,36.7869;10.0258,36.7733;10.0409,36.7453;10.0323,36.7396;10.0750,36.7241;10.0698,36.7061;10.1248,36.6945;10.1513,36.7118;10.1310,36.7254;10.1444,36.7358;10.1763,36.7200;10.2070,36.7417;10.2202,36.7666;10.2058,36.7785;10.2239,36.8029;10.3104,36.8065;10.3085,36.8259;10.3548,36.8695;10.3221,36.8932;10.3173,36.9176;10.2522,36.9432;10.2849,36.9012;10.2715,36.8750;10.2886,36.8672;10.2311,36.8569;10.2325,36.8712;10.2126,36.8485;10.1694,36.8405;10.1405,36.8545;10.1167,36.8445;10.1150,36.8275
Zaghouan|10.0430,36.6227;10.0175,36.6628;9.9025,36.5530;9.8888,36.5726;9.8387,36.5666;9.8240,36.5302;9.7971,36.5236;9.7756,36.4873;9.7329,36.4696;9.7610,36.4102;9.7510,36.4074;9.7546,36.3564;9.7166,36.3338;9.7240,36.3147;9.6714,36.2895;9.6367,36.2886;9.5945,36.2570;9.6551,36.2157;9.6714,36.2172;9.6731,36.2294;9.7200,36.1985;9.7247,36.1635;9.7697,36.1439;9.7556,36.1136;9.7793,36.1022;9.8078,36.1068;9.8254,36.0895;9.8287,36.0550;9.8432,36.0738;9.8779,36.0754;9.9009,36.0426;9.9543,36.0386;9.9737,36.0499;10.0112,36.0123;10.0443,36.0006;10.0607,36.0464;10.0583,36.1061;10.0778,36.0754;10.1375,36.0817;10.1260,36.1066;10.1498,36.1304;10.1818,36.1379;10.1841,36.1579;10.2642,36.1660;10.2566,36.2264;10.2793,36.2343;10.2793,36.2178;10.3159,36.2129;10.3447,36.2361;10.3779,36.2358;10.3892,36.2640;10.3570,36.2817;10.3729,36.2801;10.3909,36.3034;10.3676,36.3393;10.3753,36.3591;10.3444,36.4235;10.3477,36.4879;10.2902,36.4648;10.2797,36.4467;10.2533,36.4511;10.2708,36.5034;10.1988,36.5124;10.1651,36.5326;10.1453,36.5666;10.1435,36.6027;10.1075,36.5809;10.0430,36.6227